793482165561937824428516379137849652984265731256173498342691587875324916619758243
183974625596182437247563189964827351321695874875431962418756293739218546652349718
478325916356819247192764358739241685241586793865937124624178539517493862983652471
629351847351847692847629153712465938465983721983712465574298316298136574136574289
172638495384579162965142738896251347537894216241367589718923654453786921629415873
376498215189526734452371689768149352934852176521637498693784521247915863815263947
532174986479368125816295473924836751681527394753419268247681539365942817198753642
359628471248175936671439285713264859862597314495381762136742598927856143584913627
714268359256391847893457621948612735327549168561783492482976513135824976679135284
615342789827956143349187562938271456452698371761435298293564817174829635586713924
562198347489376521317245896251739684873564219694821753928613475135487962746952138
583264179176839452429571638831625794947318526652947381315482967294756813768193245
537982641842176359619453782381795426426318597795264813154627938263849175978531264
291638547536174829478259361917423658825761493643985712364812975782596134159347286
241587396893164752657392814369475281125638479784219635518726943936841527472953168
932475168741683952658129743879354216425761839163298574394512687586937421217846395
692583714781964523345217968978356142534129687126748359269435871453871296817692435
769314528435928176821657934146832759973165842582749613397481265658273491214596387
387416529269735184514298367176984253832157496495362718643821975751649832928573641
784156923125893674396427815853612749941785362672934158418279536237568491569341287
318274659794635281652198734283746915547319826169582473826951347431867592975423168
728169534649358172315724968276895413951643827483271659197436285562987341834512796
963824175185769342724513689348172596697435821251986437439251768572648913816397254
148627395975483261263159487731965842856342179429718653592836714617294538384571926
851342976347695218629178534538426197972831465164759382783214659215967843496583721
297618435146539872835724916724186593683957241519243768451392687962871354378465129
489752136571683924632149785813296457754831692926475318368514279295367841147928563
146258739985473216327961458513726984298534671674819523462387195739145862851692347
379658412518243697426917583162874359935126748784395261691432875853761924247589136
539624718847913652261578439395842167784169325612735894953486271476291583128357946
712348569386597412459621837261834975873965241594712683638159724927483156145276398
936257481752841639481963572694725318125386794378194256549678123217439865863512947
639471258841295763275683914153724896786519432924836571418967325567342189392158647
278964351965371842413582796632859174184627935759413628847135269396248517521796483
813472965495368127276519384568791432341256879729843651932185746154637298687924513
724183659615429738938756142271895364846231597359647821467512983192368475583974216
931257846275846319684319527342195768869473251517682493498721635126538974753964182
498263571365971842712485639147539286283146957956728314539614728671852493824397165
312964875967258143548713926786491352295376418134825697629137584851642739473589261
164287395837495261592631748413576829725819634689342157258164973376958412941723586
437825169952163478618479532129754386874632915365918247286391754543287691791546823
634279158917856234825431796149583672753612849286947513471368925562794381398125467
694253718372816495581794623245369187819527346736148952927681534153472869468935271
451386972697254183823197456216839745538472619974561328785643291169728534342915867
672495138953128746481763295137546982824937561569812473798351624245689317316274859
319462785724958163658137942837215496145693827962874351286341579591786234473529618
486273591719456823532891746327148659864539172195762384653984217248617935971325468
964735182583219476172684593296147358738592614415863729629351847357428961841976235
153492678742816539689735124835264917497381256216957843528673491974128365361549782
894276153572413896613895274357681942468927315921534768249168537135742689786359421
853617249147259638296834157985376421632491785714582396561923874379148562428765913
357912648264738915981465723718296534529341876436587291893624157672153489145879362
618732459245869713739145286163574928597328641482916375924681537876253194351497862
752469381619837542834125976486213759275948613391576428563781294147692835928354167
821465973546379821973821546392157684654238197718694352139782465487516239265943718
532679418891452763746318259263841597159736842478295136314927685987564321625183974
834719652629583417175426893562341978347895261918267534251974386783652149496138725
865143297437952861192678354689725413753481629241369785316294578524817936978536142
749125368381796542526348971952463187173982654468517239234671895895234716617859423
296817534134652978587394216762941385345728169819563742651439827428175693973286451
427698351895413627163572948231749865584126793679835214918257436742361589356984172
452196378179538426638724591526847913341965287897312645713459862284673159965281734
639842517125769843487153629958316274342597168716428395864275931273981456591634782
613428759475169832289537416948352671327916548156874293794283165861795324532641987
431286795829517643756394821148732569367159284295648317974863152613925478582471936
493628175218759346765341892821935467654287931937164258189476523572893614346512789
963574281178632549254189736582397164749261358316845972437918625821756493695423817
259176384813549762674823591326451879145798623987362415732984156498615237561237948
891352476476819532523476189162784953758963214934125768389547621215698347647231895
391468752485927361267135498914386527873512946526749183132694875659871234748253619
647285931593174826281639475476521389832967514159348762964713258328456197715892643
641358927957124836238967514195843762364279185872516493423781659586492371719635248
158639247974152836632874591269783154817495623345216789793568412521347968486921375
728946531495731286361258947537612894642895713819473652176584329283169475954327168
649215873287634951135798246862157394754329618391486527526841739473962185918573462
615278439734659182298143567481597623356821794972436815827914356149365278563782941
276983415583461972149725836362147589894532167751896243635218794417659328928374651
968315274251874369743926518596782431187643925432159786674298153325461897819537642
265947138487136925931528467659314872812679354374852619528461793746293581193785246
421938576586427391379516842953761284712384659648259137264875913195643728837192465
597631824834295176162874953613458297748129635259763481985316742376942518421587369
618937452597142683423586917175293846289654731346871529834719265752368194961425378
642938751597146328831527496369281547278495613154673289715862934423719865986354172
267459813519382467834761952395624781486917235721538649152876394978143526643295178
715689234482537691936142857867493125149825376253716948624378519591264783378951462
276194358493825617518376294761932485349658721825741963982417536657283149134569872
314865279598427163627139485975312846482796531136548792753681924261974358849253617
562748391879321564431695728213879645795164832648532917384917256156283479927456183
392765814781234956654891237248573691136489725975612483469158372523947168817326549
196847235537261894824539167712698453648375921359412678981756342465123789273984516
349725681278164593561398427723456819956871234184932765892543176417689352635217948
546172983237986514891345726752461398613897245984523167379618452165234879428759631
123758469498612357756934182645293871872461593319875624537189246261547938984326715
796381542438725619152946873319267485845139726267854391584692137621473958973518264
478592631129637458356184297543218976692475813817369542284753169765921384931846725
472986531183725946596341872861237459954168327237594618318652794749813265625479183
613579248249183765578264391825491637934657182761832459457328916196745823382916574
852746391791283645643915287165834729479621853238597416914368572526479138387152964
617825934285934176439671825871563249943712568562498713396187452758246391124359687
857462931391578264642931578183257649975614382264893715416329857739185426528746193
952143768817629435463758219234961857698537124571284396129476583346815972785392641
943517682815462379276983541351824967728396415694175238137249856482651793569738124
378529146162347985945861732483692571759418263216735894627183459894256317531974628
956438172478125396231679548563794821719286453842351967694812735385967214127543689
129746583753892146846153927361924758294578631587361492672489315415237869938615274
416857293398412756752369148527183469831946527649275381965734812283591674174628935
973862415142357689568419273619235847425786931837194526294673158351928764786541392
451876293872139546369542817237461985684925371915387624596718432748253169123694758
641793825532861479897245316483129657169574283275386941956418732328957164714632598
752391648896427135431685297689734512173852964524169873248913756315276489967548321
524198763396752184178463925489276531713584692652319847837621459945837216261945378
458172693362945187917683452793416528645238719821597364276854931184369275539721846
397415682258693741614287935586732419439168257721954368142876593965321874873549126
841736295375129684269854731537298146926417853418365927753981462684572319192643578
875162439649357218231849756567213894193684527428795163956471382384526971712938645
856174932731892465942653178295738641683541729174926583367215894529487316418369257
317526894895174623642389517526847931934261785781953462458612379163795248279438156
574628391183594726692317854368952417945871263721436589856749132419283675237165948
816274539752913846439865172978152364123746985564398217347521698291687453685439721
695318427274965813138472956852691734719534682346287195927143568463859271581726349
398746521517932846264815739876124395139578264425693187743261958982457613651389472
843591726657328194912764835239145687174836952568972341725683419391457268486219573
514972386627843951389165724176294538935618472842537619791386245263451897458729163
794182536651937284382654791568491327417823659239765148875319462943276815126548973
759143682614287953823659417176598324938724561542361798491875236285436179367912845
584167293617923548932854671761389452825416937493275816376598124149632785258741369
514762983872139654639485172351694827467218539928357416295843761143576298786921345
371462589428795361569813742653941278892637415147258693915376824784529136236184957
391576284426183957785429631254768193973214865168935742642851379819347526537692418
538614927491572863267389451749168235853247619612953784986731542175426398324895176
387159624124836759695472318418523967563794182972618435241387596856941273739265841
541627893937158462682934157723865941154392678869741235415279386296583714378416529
472538691681729345953146827234681759516974238897352416128465973745893162369217584
965147832243685791718923546154876923327491658896352417571264389439718265682539174
968214357453786129172539846621953784584172963739468215247691538396825471815347692
659148273738652941421397658196235487587964132243781569965823714312476895874519326
653487291419263785278915643367541829524879316891632457785126934132794568946358172
563198742784326195219574638425637819631849257897251463948765321376912584152483976
273561498481792536965438721534289617719653284826147359158374962642915873397826145
241879653398526147567413982914768325756231498823954761475392816639185274182647539
937625418864713295125849736548972163216538974793461852382157649679384521451296387
218957364397641528564382179972813456851469237436725891729134685645298713183576942
475836921213975468698142375729568143834721659156493287547619832982354716361287594
513927846982564317746381592367459128451832769829176435198645273234798651675213984
714529386295836714368714952423975861186342579579168243832651497657493128941287635
462793185398125647571684932243568791819472356756319428635841279987236514124957863
358269147647851329912374865784125936561943278239786514493517682875632491126498753
189247653543861297726593184612384975978625341435179862864732519257916438391458726
915836247843257691627914583196425738574381926238679415389762154461593872752148369
716932458349865271285471936124793865958126743637584192572619384493258617861347529
426918375758364192139572468842735619697841253315296847563129784284657931971483526
387294651169578234245613987831942765752861349496357812624785193578139426913426578
946723851317895624825614937561289743782436195493157286238561479654972318179348562
769245138512386479348971625473519286985762314126438957657124893294853761831697542
748392651512764983369518742926185374485673129137429568271946835654831297893257416
581746239924385176736921485862137594459268317317459628245873961698512743173694852
148253796965147238372869154519438672736921845824675319693784521487512963251396487
359842167862197534741563892527614983618379425493285671985721346176438259234956718
372851469651394872498762513925486137716523948834917625169238754287145396543679281
437912658928567143615843792786395214591428367243176589172689435369254871854731926
931562487267418935485739126826174359714395268593286741642951873178623594359847612
327865149845931726691247385738592461162473598459618273576184932283759614914326857
475183692219576834836942751168329547327415968954867213741658329583291476692734185
965347812178259643423816795517968234342571986896432571651793428239684157784125369
561789324943152678287643519326974185759861432814325967698437251132598746475216893
194873256856249173327165894485327961712596348639418527568732419943651782271984635
812473956536192874749586213193657482267814395458329761325768149971245638684931527
287196453649325178513784926376241589194538762825967341951872634438659217762413895
287596341936481527514732896829647135453218769761359482178924653695873214342165978
648925173137684952592731846215368794789412635364579218853297461471856329926143587
249135786875296314163874529497583261526719843318462957732651498684927135951348672
583214697941867532627395148315786924896542371274931865459628713762153489138479256
852791463463825971971634582218463795634579218597218346785142639149356827326987154
318627549465913287279845631537186924124579368986432715691358472852764193743291856
926471583451823967873596241769382154345169872182754396637918425594237618218645739
349651728175428396286739145827596431594173682631842957753214869918365274462987513
163258974945761832782943651834126597697584123521397468376815249258439716419672385
679845123148623795325719684732461859596382417481957236214596378857234961963178542
714569832328714956695328417562837149847951623139246578951673284483192765276485391
327958164451637829968421735139865247746293581582714693875342916614589372293176458
356298147218764395974531628561829473482173956739456281895612734127345869643987512
821534796596718234734926581479685123183249675652173849968452317347861952215397468
756918423214356978839472516487295361165837294923641857541723689378569142692184735
567281493924753168183496527749628315852139674316547982291374856635812749478965231
572468193384791526169532478931257864426813957758946231293174685645389712817625349
147398256862475931593126478721563849436981725985247163358714692214659387679832514
986137245215694378347528961874962153659813724132475689768351492523749816491286537
853672149127894365946135782439528617571963824268741953795486231612359478384217596
932876541487152963156439872218597436749361258365284719821645397593718624674923185
385726914962541387471983256129678435754132698836459172643815729298367541517294863
817452639246937158359168472985724361673591824124386795598613247761245983432879516
435982617269714853178563492517829364326471589894356271743698125981245736652137948
346185279857293641291746538682419753135678924974352816719564382563821497428937165
856419723273685941194732865421576398365298417987143652548927136639851274712364589
943672815215384697678915324132856479796143582584729136357498261461237958829561743
849231675261875349573649182317594826982167534456328791194753268728916453635482917
237581496869743521154629738971435682623897145548162973786254319492316857315978264
679142853518693274432587619845921367796835142123764985367419528284356791951278436
758312649329684175614975328276139584195847236843256791461793852932568417587421963
982157643614823975753946182137695428498732561265481739376518294841279356529364817
643957218297318456581642397435169782726584139819723564154876923378295641962431875
247168539659723184381945627732896415965412873418537296594271368173684952826359741
782165934341829675596437128435216897918573462627984513269758341153642789874391256
581392674963574182742618593136927845879456231254831967315769428628143759497285316
354698217621347958897215364482573196139462785765189432213854679576921843948736521
127496358648352197395871264264983715739215846851647932972164583516738429483529671
542896731138752964796314285379468152485271396621935847914523678867149523253687419
871423695694751823523896417146239578935187264287645139319568742752314986468972351
632875491175349286498612375816924753743568129259137864987453612321796548564281937
657289314831475926492361578914758263286134759573692841168927435325846197749513682
967348152183752964524196378356821749792534681418679235641983527279465813835217496
254796183317852469896431527782319645135647298469285731623578914541923876978164352
916275348784613259352894167521348796637952814849167523493721685168539472275486931
235189647796453281418672593157864932983721456624935718369517824571248369842396175
645971823721358469398642751253816947487539216916724538172483695564197382839265174
861275439732849561495631728347968215156427893289153674613784952578392146924516387
852149367164357829397862451418795236936428715275631948549276183783514692621983574
657812349392754861814396275783629154245187693169435782576243918438971526921568437
537129648498675123162834975879243561345761892621598437953482716286917354714356289
275163984863794251149852763786321549491586372352479816638215497927648135514937628
427839615698451273135276489513624798946387152782195346861943527254768931379512864
659287314274513869813496752942675183167328495538941276486739521391852647725164938
564273981391548267782961543476319825815426379239857614143692758658734192927185436
832941576419756238756823419945612387261378954387495621528164793673589142194237865
671295438358461729924738561197643285546812973832579614289156347463987152715324896
693427815845613927721985463136298574459761238287354691974532186512876349368149752
147839256596142783823657194462578319935261478781394625279486531314925867658713942
327956481615482937894173652589264173743591268261837594438615729952748316176329845
356214879917658243824793165473169528581427936692385714749832651265941387138576492
986425317451673928327198546694317285275984631138256794719542863843769152562831479
536829417281475639947631528865913274173246895429587361318764952692158743754392186
239156487814237956657849213361582749798614532425793168986425371573961824142378695
456812793897356142231947685543628971629173458178495236985761324364289517712534869
965412783237869154418753629683921547124375968759648231571284396346597812892136475
582491736743268195196357842417526389259813467368749251675134928824975613931682574
719382465253946871648751239361874952974215683582639714125468397436197528897523146
138724695249653178657981324392867451475319862816245739721496583583172946964538217
438972651527614389196358427814293765375861942962547138751426893243789516689135274
732641958169385427458927613984132576273596184516874239327419865845263791691758342
529384761136275489874916523918452376257631948643897152795128634481763295362549817
327459681694812753158376429483597162276143598915628374731985246842761935569234817
563421897127389546489657123956218734371964285248573961714832659835196472692745318
583279146976413852241568397712394568694857213358126974427981635135642789869735421
415286973672493158938715264824569317359871642167324895593148726786952431241637589
639152748814967235572483961391628574758394612246715893127839456465271389983546127
956438127238167954417529683389714562724685391165392478693871245842953716571246839
836972415259314867174586923587623194912748536643159278365491782498237651721865349
689574321723198546145632789397256418214783695856419273562841937431967852978325164
985643271641752398723891654837926145516478923294135867179284536458369712362517489
925476813864931572173258946259647138648193725731825469597364281486512397312789654
891374652542186397637925148754862913983517264126493785419238576265749831378651429
741638259298754361563291478154827693687943512932516784416385927825479136379162845
276185943598634217341972856783421569462593178915768432834216795127359684659847321
594287613168593472723641958987426135341758296256319847639874521472165389815932764
281956374795341268436782951154298637328675149967134825813527496672419583549863712
687395241591274683423168957142836795759412368368957124834729516915643872276581439
761529834852734691934861725186495273475283916293617548519376482348952167627148359
735189426892456371146723859519637284428915763673842915957368142361274598284591637
975482361432916857168753492687139245241675938359248176814597623596321784723864519
653178924298463157417592836375241698162985473849736215531624789786319542924857361
697381524514267983823459617981532476745896231236714859162975348359148762478623195
293485761854716293167329845719548632348692517625137984971264358536871429482953176
827415639639287541415936278356849712291573486784162953173694825568721394942358167
539182674418675293276439581785923416194567328362841957957316842641298735823754169
529174386317685942486239715862953471734821569951746238275418693193567824648392157
687912354942365178153874269215789643796453821438126597579631482861247935324598716
867253941145769238293841756458372619612598374379416825934187562781625493526934187
849527316671834259253961847965182734418673592327495168136248975592716483784359621
752614938394258716618937542986145273427389651135726894563891427279463185841572369
563182749984673251217954386346597128852431967179826534731268495625749813498315672
972368541164952378385714629821695734753241986496873215547126893639487152218539467
718623495542971368936458712391562847625784139874319256269147583483295671157836924
381754962764892531925613487238149756497526813516378294659237148842961375173485629
876524193453916728921387456365871249749265831218493567594738612682159374137642985
265831974387945612491627538126384759539712846748569123614278395973456281852193467
621384795795126384438975216259643178814759632367812549172598463586437921943261857
176294583823675149495138276561827394749563821238941765957412638612389457384756912
953817264628934715741526983485279136392641578176358429539182647814765392267493851
729184365561379284483652719248563197976821543315497826657918432894235671132746958
163794582592638741487152639945876123631245897278913465716429358324587916859361274
439682715178453296625971483596217348312864957847539162763145829954728631281396574
746281539853694172291735468317846925624519387985372614168957243572463891439128756
759862413236491857184357269615743982872519634943628175328174596467985321591236748
971538426584267391326194785732481569165729843498356172853942617247615938619873254
194275638853916274672834519487592361361487952529361487715629843248753196936148725
683215497547398216291764358726489135935176842814523769452637981378951624169842573
968413257215798346734625981657134892823967415491852763589376124172549638346281579
527438196863912475419675823384297561291563784675841932156389247738124659942756318
781624593645193278932587416867412935213759684459836127598361742176248359324975861
716842953423795618859163247531286479298374165674519382965437821387621594142958736
352869174146723859978154632461578923789432561523916748895247316237681495614395287
132785964457269138968431752843617295295843671716592843521376489374928516689154327
648195723723468519195723864286379451357614982914582376472831695569247138831956247
285361749943758126716492853657134982328579461194826375469217538832945617571683294
381592674495637821762814359127386945948751236653429187519273468836145792274968513
124837596893156724657924831519762348762348915438519267345281679986473152271695483
136295487824317965579648213617852394348769152952431876493176528781524639265983741
538261974614759238729483156976134582253698741841572693467825319385916427192347865
184953672976124835325786149793612584618549327542378916231465798867291453459837261
783124596612859473945376821136547289857293164429681735598432617364718952271965348
175894623624357918389621457756948231438512796912736584263489175841275369597163842
453186729671392485829574631185623974367941258942758163238469517596817342714235896
364875291195326847872941536546792183283154679719638452958213764631487925427569318
792685413861347259435192687678413925953826741124759836216938574547261398389574162
198627453462513987735849126371458692254396871986271345847165239629734518513982764
289713645135486297746259813672398451593641728814527936967132584421875369358964172
358946172762531984419287635541698327876312459293475861124853796687129543935764218
534281976617943258982576413245839167196754382873162594359627841728415639461398725
468751392395246718172389564931562847824917635756438921513674289247893156689125473
874129653326754189519638274758492316932861745461573892287946531645317928193285467
729186543481523769635749812348215697972638451156974238267491385513862974894357126
629547318345981627718263495482135976961472853537896142196758234273614589854329761
578249361613758429924631875281965734795324186346187592452893617867512943139476258
581342976974156823236789541153298467497561382628437195819675234362914758745823619
427918635153462879698573124786291453319745286245836791864329517531687942972154368
526914873134875629987362415719586342862437591345291768478159236651723984293648157
498317625267594183513862497846723519329145876751689342982436751674251938135978264
712835496938164752654792183379486215261953874845271639493617528186529347527348961
425617389673982154189435672341896725268573941957241836532168497896724513714359268
598473216723681954641952387457126893182397465936845721369718542274569138815234679
389672541471358962625914738812796453537841296964523187148235679753169824296487315
927158643534692187186473259612735894349861725875249316468527931791384562253916478
315874629276193584498256731852749316164532897739681245681427953543968172927315468
561483279739652481248791536192574863485369712376128945824936157617245398953817624
138294756247653981569178432623917548791485623485362197814739265372546819956821374
648172935352986174719354628527643891136798452894521763471239586963815247285467319
456721398283964751917358642639147825842593167175682439724835916561479283398216574
712586943583249167649371528431957286268413759957862314376128495824795631195634872
273916485654287139918453672546739218187625394392841756721594863865372941439168527
732645981856917243941823567183472695567198324429536178614389752298751436375264819
461732589379548162825619734987321456614857293253964871138495627546273918792186345
247835691136249857895176324761328549329514768584967213658493172913752486472681935
689237541123954876547618392954381627816729453372546189468172935295863714731495268
465923718981746352372518946837162594254879163196435287629381475718254639543697821
513728469278694153964531728136847295429365871857219346781952634645173982392486517
532186794178429536496375182783954261921768345654213879867591423245637918319842657
581763294946128537237459861768915342315642789492837615154376928629584173873291456
638572914745169382921438675164983527587621493293754168472316859356897241819245736
237964581846315279519287346761852493498631752352749168173598624685423917924176835
954826137316479528782135496567394812243681975198752643825913764679248351431567289
824751963369428517517963824791645238236897451458312679985176342673284195142539786
124568379389417652567932148472691583635874921891253764943786215256149837718325496
583196274217453869694872351342718695976524138158369742731245986865931427429687513
429183675738965214561247398287436951945812736316759482852394167694571823173628549
364721895871945326925386741532894167718562934496173582147238659253619478689457213
394687521652314798187529346543176982926458173718293465269731854471865239835942617
672539148549168327318427956724953861193682574856714293485271639961345782237896415
795814632861273954324956817136547298587692341249138576952761483418329765673485129
917236845532784196468159237281563479349872561675941328193625784826417953754398612
521984736473612859986735142798451623642397518135826974219548367357269481864173295
329681547675249318418735926157326894284957631963814752846193275532478169791562483
937185642645932817218467593379514268854276931126893754483759126792641385561328479
743218659861593724259476138614925873372184965598637412936851247485762391127349586
243871956965324178187956432591283647326417589874569213658132794719648325432795861
542918763873465219196327458729854136415693872368271945954186327681732594237549681
381257469496318527527649813639425178842791635175863294764532981953186742218974356
436572918971384562285916734169723485753841296824695173612439857548167329397258641
241683795853497261976152843589314627617528934432769518324876159765941382198235476
174238569692514873538697412329476158486951327715382694257863941861749235943125786
168974235942513687537862419485739126693241578271658394356187942819425763724396851
512643798876295431493817265367124859958736124124589376735468912289351647641972583
745318962382694751916257348473189625861532479259746183628973514134865297597421836
946581327857623491321497568539164872684752913172839654718946235295318746463275189
548713629963852417271469358725384961816295734394671582639148275152937846487526193
864953712213467598597821643356274981749186235128539476431695827985712364672348159
679431582543728619812956473984362751735814296261597834456183927328679145197245368
125648397987135246436927815861473529349251678752896134693514782574382961218769453
986714523423985176751236498134867952269543781578129364617498235845372619392651847
347625918685931427291784635453862179926517843718349562564293781172458396839176254
135279648982461573467538219328957164654812937719643852273196485596784321841325796
678254391549631872312978456954123768237896514861745923423517689185469237796382145
569312784428576931371948526294637815635821497187459263713294658946185372852763149
426915783381742596795638241619327458548169372237584619853271964964853127172496835
592134768374826591618597324135248679286759413947361285451682937829473156763915842
824795613375681942961324875736948251248517369159236487582479136497163528613852794
189524673462937851735681492341279568596348217278165934853792146927416385614853729
856931742237548196914672385468719253379425618125863479783156924691284537542397861
891653742723984516465271398346819275987532164512746839674328951259167483138495627
365841972724695318819237645496183527183572496257469183942756831578314269631928754
462587931395641872178293546657138429921476385834952617243769158786315294519824763
152867943487391625963245187634952718275186394819734562726518439591423876348679251
834157269921634875756892431462975183598361724173248956315789642247516398689423517
478159362163472985925638417231845679746391258859267134684723591512986743397514826
158496372643782951297135864526971483879354126314268597961823745735649218482517639
324518697861379452579624831436295178258741369917863524145937286693182745782456913
375124689128965734649738521256479813793681245814352967937816452462593178581247396
845623179371984562269517348153872496987436215426195837592361784738249651614758923
147589263352164987896273451715842396928356714463791825534628179689417532271935648
361925784549738126872461953793854612128693475654217839987542361236179548415386297
738169452149725683652843917265431798984657231371298564493582176527316849816974325
439718652851624973726395841972153486143876529685942137297481365318567294564239718
938174526415623798672598341197285463283416957564937812846752139729341685351869274
854297163163458729279136584982375641637914852415862937341689275598723416726541398
239716845157438692486259173645892317873145926921673584568927431794361258312584769
673491582895236471241875639752163948318549726469728315987614253534982167126357894
867415932342897651915362478798231546631954827524678319173589264286743195459126783
645983217871526394329174568516738942283495176497612835734251689162849753958367421
678549321415372698329168547147253869582697413936481752753916284294835176861724935
542697183196834752873512946785926314234178569619345827428753691957261438361489275
718645239425398761936172458542863197693217584871459623384521976267984315159736842
179685432386492175425713698791854326832167954654329781967548213218936547543271869
418957326967432851352168947574389162836721594291645783683514279129876435745293618
375619824829453716146872359651328497784596132932741685597184263413265978268937541
263718549974653182518492736196837254745269813382145967837526491459371628621984375
862413597574896213319257864721689435985342671643175982157964328298531746436728159
614957283972638415358142679269713854137485926485296731793861542841529367526374198
546897321382461759917325846628753914493186572751942638875219463164538297239674185
639254817217839564485671923952147638174368259863925471726483195598716342341592786
197865432248731956563249871832694715615387249974512368489153627756428193321976584
721469583846531729395287146632975418189324675457816392963148257218753964574692831
398457261746123958251689743915374826482965317637812594879246135563791482124538679
413982576956174832278563914865739421392641785147258693584327169721496358639815247
268345719359712468471896253623471895845629137197583642534268971712954386986137524
697381245528946173314725698153469827749238561286157439962513784431872956875694312
593467218168352947472891635659218374324975186781634592937586421215743869846129753
937451286186923547425678931394165872671284395852397164243719658569842713718536429
249738165861295473537614928674183259152976384983452617728341596415869732396527841
478156923293847516561293748835764192629315874147928365984572631756431289312689457
714692538623581947958743216871269354369458721245317869137924685496835172582176493
231754698569813724784269315357682941892341567416597283128935476945176832673428159
192865743584237691736491825258643179419782536673159482341528967825976314967314258
481972635263451798957683142846129573712835964395746821139564287628317459574298316
439256718568137492271894563184569237756321849392478651845912376927643185613785924
439825176758961423261743985196258734547319268382476591673194852915682347824537619
651297843937184256284653917813746592579812364462539781128365479795421638346978125
671943582854627391329581764715436829498152637263879145987314256136295478542768913
398167542561284739427539816159873264834621975672495183243918657716352498985746321
695318427432756819817429653748295361921683574563147298386972145159864732274531986
578634129962158743431297586619845237283976451754312698827469315195723864346581972
723184569958376412641259378872645193396817254514923687235768941167492835489531726
817326594693451728452879613769135842148267359325984176586742931974613285231598467
724386519196452837538791642849127356375964281612835794287519463451673928963248175
673854192819267345542931867951473286387126954426598713264789531195342678738615429
678234195135968724294157368941576832563892471827341659719685243386429517452713986
382915476659347821417826593731582964245691387968473215896154732124739658573268149
841952376957634182236781954693417528728365491514298637372149865489526713165873249
843795621297168354156243897682971435479536182531824769968457213715382946324619578
962314578837925614541687329489561732123479865675832491718243956254796183396158247
729583461356149287481276935892361754167495328534827196218954673645732819973618542
659843217384172956172569348247356891561498732938721564493687125816235479725914683
139685472524973618768124953973452861246817395815369724491236587687541239352798146
425387916869251437371946582798134625146592378253768149532479861614825793987613254
684927315359614278721583649572491836948362157163875924216758493497236581835149762
479632851316548729582719634724863915831957462695421387163274598957186243248395176
835471629946238751127695483674312895298754316513869274381947562452186937769523148
649317582315628794287945316451892637973164825826753941762439158598271463134586279
275369418863154297914287653321496875789523164456718329592841736647932581138675942
132495678965872143784613952518729436627384591493156287359268714241937865876541329
368214975594736182721985364479658231653172849812349657285493716136527498947861523
685237194924581376317946582739162845542873619861459723156724938293618457478395261
126439785849657312537218694765142938491863257283975461352786149674591823918324576
679184253138529746245736981827413569914658372563297814751942638396871425482365197
951236487743819265826457931512398674487562193639174852394625718265781349178943526
135276948869413275274589163723651489418927356956348712591834627387162594642795831
934561287725948136618327549156893472387254691492176358249685713871432965563719824
957264831643158279128397456392416587574829163816735942781642395269583714435971628
654879312187326549932154876326481795418597623795263184571642938843915267269738451
581374962326981547974652318798136254132548796465297183659823471843715629217469835
786914235924538167153267894419826753835179426672453981247385619391642578568791342
386921547152847936497653281573214698921568473648379152239185764765432819814796325
253718469816945273947632185169874532375126948482593716634251897591387624728469351
245193876871246539396758124732419685469835217158627943683572491924361758517984362
957341286481269573362587914845193762273856149196472835638915427719624358524738691
812759463634128597579436821768295134425381976391647285983574612256813749147962358
172896435938145762654237819526381947841759326397624581783962154469518273215473698
285394176673158249914672853867935412451286937392417685126743598539861724748529361
253798164641532879897614325735169248416823597928475631572341986169287453384956712
531297684628451973497836251975613428162948537384572169719365842246789315853124796
653912478724538961198476523237841695519623847486795312875169234942357186361284759
352914687718563942946782513239645871584371269167298354473859126695127438821436795
938754261246193758751268493814972536567341982329586174685419327493827615172635849
476391825389265417152874693695783142821546379734912568217638954948157236563429781
941632875372859461865471329237584196659317248184926537716245983523798614498163752
487263591539814762162975483946357128875126349213489675791638254358742916624591837
769385421532194768841726593478961235253847619916253847697438152125679384384512976
124789563835246791697351428583124679971563842246978135758432916369817254412695387
127954836849632715635871429768329154594187263213465987981546372376298541452713698
193647852475892361826153497748925613632718945951364278319586724267431589584279136
584219637197683452623574198836452719975136824241897365769345281412968573358721946
534769128982415376176823945219547683457386219863192457791238564645971832328654791
872531649945786321316429758781953462693248175254617893439172586568394217127865934
174859623538126794692473851346297185251638479987541236419785362865312947723964518
397516842148372965625849317983724156576183429214695783732468591461957238859231674
136987452879542136542613789914728365325196847687435921461359278798264513253871694
532789146748316952196425873429861537853972614671543289314698725267154398985237461
362479815741856293598312764815624379639781452427935186253198647174563928986247531
576239184184576923932148576793815462658724391421963857219357648867491235345682719
462739185713285964958641732546928317839417256271563849127354698395876421684192573
843172596675439821921586473359647182284913765716258934137824659492765318568391247
439726581257138694186594237821375469564981372973462815742613958398257146615849723
489561237625437819371298456254189673936725148718643925592316784163874592847952361
745128639683497125192563748914286573328759461567314982256841397471932856839675214
423678195685319274971254638754921386398546712216837459839162547567493821142785963
386547921257619843419283576631478295872951634945326718798164352123895467564732189
984257631371896425625413798196524873832179546457638219268941357749365182513782964
643195827275863914198427635981736542527941386436582179854379261712658493369214758
287153964965247138413869275176432859852691347394578612629715483731984526548326791
327954861864132759591768423159483276283697145476521398612849537745316982938275614
653219478798354126412786539869175243247938651531462987386541792974623815125897364
892314675614875923375926418128597346569432187743681592951768234437259861286143759